KAP101                                          
 Alfa =  18.00000 Re =   100000.000 Xflap,Yflap =     0.000000    0.000000
#    x        y        Cp  
   0.99997 -0.00089 -0.33916
   0.98778  0.00824 -0.34119
   0.96722  0.01811 -0.34479
   0.94396  0.02762 -0.34901
   0.91533  0.03698 -0.35458
   0.88510  0.04562 -0.36078
   0.85359  0.05367 -0.36760
   0.82153  0.06113 -0.37492
   0.78903  0.06808 -0.38277
   0.75634  0.07452 -0.39113
   0.72348  0.08048 -0.40007
   0.69054  0.08595 -0.40964
   0.65753  0.09092 -0.41995
   0.62437  0.09542 -0.43116
   0.59116  0.09945 -0.44338
   0.55785  0.10302 -0.45682
   0.52449  0.10613 -0.47171
   0.49107  0.10880 -0.48830
   0.45769  0.11100 -0.50668
   0.42443  0.11270 -0.52591
   0.39134  0.11382 -0.55624
   0.35852  0.11430 -0.62474
   0.32594  0.11403 -0.73335
   0.29380  0.11295 -0.88518
   0.26253  0.11084 -1.06894
   0.23173  0.10748 -1.26602
   0.20126  0.10281 -1.47214
   0.17126  0.09682 -1.72004
   0.14185  0.08947 -2.13117
   0.11344  0.08079 -2.87715
   0.08662  0.07079 -2.99608
   0.06214  0.05963 -3.04893
   0.04144  0.04796 -3.14056
   0.02596  0.03692 -3.33280
   0.01550  0.02735 -3.63562
   0.00878  0.01944 -3.94305
   0.00464  0.01311 -4.19939
   0.00211  0.00784 -4.47457
   0.00057  0.00335 -5.04618
  -0.00003 -0.00043 -5.60124
   0.00068 -0.00412 -4.23756
   0.00294 -0.00762 -1.92747
   0.00677 -0.01047 -0.10039
   0.01495 -0.01315  0.85445
   0.03349 -0.01262  0.98786
   0.04705 -0.01151  0.95366
   0.07016 -0.00941  0.88584
   0.09207 -0.00720  0.81687
   0.11830 -0.00349  0.77634
   0.14880  0.00063  0.71947
   0.17570  0.00497  0.68675
   0.20624  0.01065  0.68935
   0.24285  0.01558  0.65098
   0.27838  0.02053  0.63362
   0.31218  0.02449  0.59914
   0.34525  0.02913  0.59925
   0.38221  0.03342  0.58347
   0.41620  0.03739  0.58268
   0.45085  0.04046  0.57430
   0.48254  0.04243  0.54940
   0.51584  0.04495  0.55317
   0.55206  0.04634  0.53075
   0.58293  0.04767  0.53632
   0.61866  0.04741  0.50718
   0.65039  0.04703  0.49062
   0.68434  0.04631  0.47281
   0.71458  0.04543  0.47819
   0.74763  0.04228  0.41239
   0.78117  0.04018  0.41492
   0.81642  0.03665  0.37422
   0.84637  0.03367  0.37246
   0.87552  0.02947  0.35056
   0.90483  0.02360  0.30002
   0.93138  0.01671  0.18044
   0.95284  0.01062  0.04215
   0.97380  0.00448 -0.27575
   0.99997 -0.00089 -0.33916
